# BRON: KONINKLIJK NEDERLANDS METEOROLOGISCH INSTITUUT (KNMI)
# Opmerking: door stationsverplaatsingen en veranderingen in waarneemmethodieken zijn deze tijdreeksen van dagwaarden mogelijk inhomogeen! Dat betekent dat deze reeks van gemeten waarden niet geschikt is voor trendanalyse. Voor studies naar klimaatverandering verwijzen we naar de gehomogeniseerde reeks maandtemperaturen van De Bilt <http://www.knmi.nl/kennis-en-datacentrum/achtergrond/gehomogeniseerde-reeks-maandtemperaturen-de-bilt> of de Centraal Nederland Temperatuur <http://www.knmi.nl/kennis-en-datacentrum/achtergrond/centraal-nederland-temperatuur-cnt>.
# 
# 
# STN      LON(east)   LAT(north)     ALT(m)  NAME
# 215:         4.437       52.141      -1.20  VOORSCHOTEN
# 
# YYYYMMDD = Datum (YYYY=jaar MM=maand DD=dag); 
# TG       = Etmaalgemiddelde temperatuur (in 0.1 graden Celsius); 
# TN       = Minimum temperatuur (in 0.1 graden Celsius); 
# TNH      = Uurvak waarin TN is gemeten; 
# TX       = Maximum temperatuur (in 0.1 graden Celsius); 
# TXH      = Uurvak waarin TX is gemeten; 
# T10N     = Minimum temperatuur op 10 cm hoogte (in 0.1 graden Celsius); 
# SQ       = Zonneschijnduur (in 0.1 uur) berekend uit de globale straling (-1 voor <0.05 uur); 
# Q        = Globale straling (in J/cm2); 
# DR       = Duur van de neerslag (in 0.1 uur); 
# RH       = Etmaalsom van de neerslag (in 0.1 mm) (-1 voor <0.05 mm); 
# PG       = Etmaalgemiddelde luchtdruk herleid tot zeeniveau (in 0.1 hPa) berekend uit 24 uurwaarden; 
# PX       = Hoogste uurwaarde van de luchtdruk herleid tot zeeniveau (in 0.1 hPa); 
# PXH      = Uurvak waarin PX is gemeten; 
# 
STN,YYYYMMDD,   TG,   TN,  TNH,   TX,  TXH, T10N,   SQ,    Q,   DR,   RH,   PG,   PX,  PXH

  215,20141113,   73,   13,    5,  127,   14,  -10,   54,  502,    0,    0,10105,10115,    9
  215,20141114,   96,   65,    2,  117,   15,   57,    3,  218,   49,   61,10053,10095,    1
  215,20141115,   95,   60,   23,  107,   14,   47,    0,   84,  106,  113,10012,10030,    1
  215,20141116,   83,   60,    5,   96,   15,   52,    0,   93,  174,   80,10003,10021,    1
  215,20141117,   94,   73,    5,  118,   14,   67,   19,  319,    0,   -1,10043,10086,   23
  215,20141118,   81,   76,    7,   90,    1,   65,    0,   99,    7,    2,10117,10152,   24
  215,20141119,   82,   63,   24,   91,   12,   55,    0,   86,    0,    0,10214,10263,   24
  215,20141120,   70,   64,    1,   76,   11,   56,    0,  122,    0,    0,10267,10275,   10
  215,20141121,   55,   25,    8,   79,   15,   15,   67,  459,    0,   -1,10217,10256,    1
  215,20141122,   83,   44,    4,  125,   14,   38,   38,  378,    0,   -1,10165,10179,    1
  215,20141123,  109,   82,    8,  140,   13,   72,   28,  330,   53,   46,10155,10178,   24
  215,20141124,   63,    3,   24,  111,   11,  -15,   47,  365,   16,   20,10248,10276,   22
  215,20141125,   39,  -16,    8,   86,   14,  -29,   30,  310,    0,    0,10238,10270,    1
  215,20141126,   50,   30,    5,   62,   24,   23,    2,  196,   11,   11,10137,10182,    1
  215,20141127,   74,   62,    1,   88,   13,   62,    0,  103,   32,   10,10069,10092,    1
  215,20141128,   67,   44,   24,   92,   14,   41,    3,  168,    0,    0,10084,10120,   24
  215,20141129,   31,   13,    6,   57,   13,    4,   63,  386,    0,    0,10142,10158,   20
  215,20141130,   28,   22,    3,   33,   14,   23,    0,   58,   26,   26,10131,10145,    1
  215,20141201,   16,   13,   23,   27,    1,   12,    0,   47,    0,    0,10134,10143,   10
  215,20141202,   14,    5,    6,   25,   24,    4,    0,   62,    0,    0,10164,10207,   23
  215,20141203,   -1,  -28,   23,   27,    8,  -26,    0,   71,    0,   -1,10223,10233,   11
  215,20141204,   -3,  -25,    1,   17,   24,  -25,    0,   70,    0,    0,10176,10208,    1
  215,20141205,   42,   17,    1,   70,   21,   15,    0,  141,   34,   21,10172,10191,   24
  215,20141206,   47,  -19,   22,   93,   13,  -39,   42,  324,    0,   -1,10238,10257,   17
  215,20141207,   51,  -16,    1,   86,   18,  -33,    0,   74,   34,   48,10171,10231,    1
  215,20141208,   54,   16,   17,   75,    9,    9,   17,  139,   26,   63,10163,10183,   24
  215,20141209,   43,  -12,    8,   74,   13,  -23,   19,  257,    3,    4,10237,10273,   11
  215,20141210,   77,   52,    2,   91,   12,   49,   60,  365,   47,   69,10128,10151,    1
  215,20141211,   77,   59,    5,   88,   21,   55,   10,  134,   45,   68,10058,10095,    1
  215,20141212,   77,   57,   23,   96,   13,   46,    0,   52,  121,  152, 9966,10032,   24
  215,20141213,   48,  -12,   24,   72,   10,  -30,    0,  102,   10,   11,10096,10137,   23
  215,20141214,   28,  -21,    2,   57,   14,  -33,   62,  365,   10,    7,10133,10152,    9
  215,20141215,   60,   39,    1,   85,   14,   34,   16,  173,   61,   56,10108,10125,   18
  215,20141216,   61,   23,   23,   83,   12,   10,   20,  196,    5,    7,10118,10134,   18
  215,20141217,   87,   49,    1,  118,   23,   42,    0,   61,   51,   35,10049,10101,    1
  215,20141218,  117,  103,    1,  128,   14,  100,    2,  127,   21,   11,10083,10094,   23
  215,20141219,   94,   75,   17,  124,    1,   66,   26,  208,   72,   85,10122,10191,   24
  215,20141220,   80,   59,   16,   89,   13,   54,    0,  122,   13,   37,10213,10276,   24
  215,20141221,   88,   66,    3,  109,   23,   55,    0,  126,    0,    0,10242,10284,    2
  215,20141222,  116,  108,    1,  124,   12,  102,    0,   67,   14,    9,10158,10178,    1
  215,20141223,  111,   99,   24,  125,   12,   94,   54,  361,    0,    0,10156,10165,    2
  215,20141224,   86,   69,   23,  105,    9,   59,    3,  109,   60,   63,10146,10193,   24
  215,20141225,   56,   -2,   24,   77,    1,  -10,   14,  135,   27,   50,10242,10294,   24
  215,20141226,   36,    6,    6,   56,   12,   -8,   14,  217,    2,    2,10249,10298,    9
  215,20141227,   11,    0,   24,   33,    1,   -7,    0,   42,  176,  192,10027,10131,   24
  215,20141228,    3,  -37,   19,   59,   24,  -47,   65,  365,    3,    1,10277,10336,   19
  215,20141229,   52,   15,   19,   75,   12,    9,   17,  198,    9,   13,10349,10380,   20
  215,20141230,   61,   33,   17,   71,   12,   14,    7,  146,    0,   -1,10355,10371,    1
  215,20141231,   56,   28,   24,   77,   12,   19,   48,  308,    0,    0,10341,10347,   10
  215,20150101,   38,   18,    3,   53,   23,    9,   14,  187,   13,    3,10294,10339,    4
  215,20150102,   78,   50,    1,  109,    7,   47,   45,  319,   22,   21,10258,10315,   21
  215,20150103,   52,   30,   16,   70,    6,   27,    0,   72,   35,   29,10231,10305,    1
  215,20150104,   41,  -21,   22,   78,   13,  -38,   41,  302,    2,    3,10333,10356,   20
  215,20150105,   33,    6,    1,   44,   20,   -5,    2,  117,    0,    0,10303,10347,    1
  215,20150106,   34,    7,    9,   75,   22,    1,   12,  230,   21,   10,10217,10252,    1
  215,20150107,   44,   -2,    6,   75,   13,  -19,   46,  303,   25,   26,10248,10269,    9
  215,20150108,   73,   45,    1,   88,    9,   42,    0,   36,   67,  124,10201,10249,   21
  215,20150109,   98,   62,    3,  128,   23,   57,    0,  111,   41,   71,10153,10240,    1
  215,20150110,   93,   56,   23,  124,    2,   46,    5,  117,   13,   23,10109,10153,   21
  215,20150111,   66,   52,    3,   84,   22,   43,   15,  253,    0,   -1,10172,10200,   17
  215,20150112,   91,   80,    1,  105,   16,   73,    0,  127,   64,   72,10112,10172,    1
  215,20150113,   82,   52,   24,  101,    8,   50,    3,   94,  150,  208,10027,10054,    1
  215,20150114,   48,   30,    9,   64,    3,   22,   22,  246,   22,   37,10061,10101,   18
  215,20150115,   80,   58,    1,  104,    9,   52,    0,   73,   98,  128, 9946,10011,    1
  215,20150116,   55,   37,   20,   78,   13,   29,   41,  387,   27,   23,10040,10096,   24
  215,20150117,   36,    1,    8,   64,   12,  -10,   56,  411,    2,    2,10127,10143,   11
  215,20150118,   26,   13,   23,   36,   12,    5,    0,   95,  122,   37,10116,10129,   23
  215,20150119,    3,  -29,    9,   20,   14,  -32,    9,  258,    0,    0,10123,10131,   10
  215,20150120,   15,    1,   22,   38,   15,  -13,   24,  272,    0,    0,10122,10130,   10
  215,20150121,   -2,  -12,    7,    9,   13,  -22,    2,  251,    0,    0,10125,10154,   24
  215,20150122,  -10,  -32,   24,    4,   18,  -43,    2,  130,    0,   -1,10202,10247,   24
  215,20150123,  -27,  -57,    8,    3,   11,  -72,   32,  375,    0,    0,10254,10270,    9
  215,20150124,   38,   -3,    1,   67,   12,   -6,   46,  427,   47,   66,10216,10281,   24
  215,20150125,   54,   27,    4,   71,   14,    9,    0,  205,    0,   -1,10277,10297,    8
  215,20150126,   70,   50,   24,   83,   11,   39,    7,  163,   35,   14,10203,10235,    1
  215,20150127,   58,   21,   19,   79,   13,   12,   39,  404,   13,    4,10227,10241,   11
  215,20150128,   57,   35,   15,   78,   15,   33,    0,   55,   43,   81,10027,10179,    1
  215,20150129,   36,    3,   22,   59,   12,    2,   13,  211,   49,  117, 9817, 9939,    1
  215,20150130,   26,   -6,    5,   49,   23,   -9,   31,  393,   31,   23, 9761, 9772,   11
  215,20150131,   24,   -5,   21,   54,   12,  -16,   25,  339,    7,    7, 9815, 9855,   23
  215,20150201,   39,    0,    2,   59,   14,   -7,   23,  324,   28,   34, 9911, 9988,   24
  215,20150202,   33,   11,    8,   55,   15,    6,   46,  447,   33,   38,10007,10016,   21
  215,20150203,   18,  -23,   23,   62,   15,  -37,   78,  655,   14,   16,10057,10118,   24
  215,20150204,   -3,  -41,   24,   54,   14,  -55,   58,  516,   15,    8,10162,10213,   24
  215,20150205,   -2,  -39,    7,   21,   12,  -47,   58,  588,    7,   22,10248,10294,   23
  215,20150206,    0,  -24,   24,   22,   14,  -35,   82,  731,    0,    0,10311,10334,   24
  215,20150207,   22,  -47,    6,   59,   21,  -58,   10,  338,    8,    2,10330,10342,    9
  215,20150208,   54,   37,   18,   71,   14,   21,   46,  485,    0,    0,10329,10346,   15
  215,20150209,   56,   41,    3,   69,   11,   28,    7,  245,    0,   -1,10313,10322,   21
  215,20150210,   57,   43,    7,   69,   11,   34,    0,  142,    0,   -1,10322,10334,   11
  215,20150211,   43,   36,   18,   53,    1,   32,    0,  170,    0,    0,10257,10294,    1
  215,20150212,   38,   27,    8,   49,   16,   26,    0,  178,    0,    0,10209,10225,    1
  215,20150213,   60,    9,    7,  108,   15,   -1,   64,  705,    0,   -1,10111,10178,    1
  215,20150214,   68,   50,    7,   90,   15,   41,   12,  321,    0,   -1,10072,10105,   24
  215,20150215,   35,  -31,   24,   71,    3,  -48,   86,  812,    0,    0,10145,10177,   23
  215,20150216,   13,  -56,    7,   83,   14,  -66,   79,  764,    0,    0,10183,10225,   24
  215,20150217,   37,  -23,   24,   79,   12,  -45,   54,  677,    8,    1,10335,10411,   22
  215,20150218,   25,  -31,    5,   86,   14,  -50,   88,  948,    0,    0,10376,10408,    2
  215,20150219,   39,   -5,    5,   81,   14,  -12,   88,  912,   23,   12,10241,10319,    1
  215,20150220,   53,   39,   24,   67,   11,   37,    0,  125,  216,  229,10054,10144,    1
  215,20150221,   39,  -18,   24,   63,   15,  -27,   17,  509,   29,   21, 9991,10046,   24
  215,20150222,   31,  -24,    5,   68,   12,  -37,   69,  779,   30,   43,10047,10095,   10
  215,20150223,   62,   37,    1,   87,   13,   30,   61,  842,   25,   20, 9923, 9940,   23
  215,20150224,   58,   35,    1,   82,   15,   25,   58,  785,   28,   37,10032,10127,   24
  215,20150225,   45,    0,    6,   66,   16,  -14,   27,  353,   16,   23,10159,10189,   22
  215,20150226,   65,   40,    2,   88,   19,   30,    0,  240,   69,   80,10128,10183,    1
  215,20150227,   41,  -10,   22,   69,   11,  -25,   75,  822,    0,    0,10173,10211,   20
  215,20150228,   53,    3,    1,   89,   15,  -10,   36,  754,    0,   -1,10123,10198,    1
  215,20150301,   81,   58,   24,   96,   11,   49,   79, 1079,   41,   73, 9989,10014,   14
  215,20150302,   57,   33,   19,   76,   12,   32,   69,  840,    3,    2,10057,10145,   24
  215,20150303,   53,   39,   18,   76,   14,   25,   34,  546,   29,   36,10150,10186,   24
  215,20150304,   57,   45,    6,   72,   14,   33,   12,  482,    5,    2,10258,10355,   24
  215,20150305,   58,    3,    6,   85,   12,  -12,   66,  978,    0,    0,10371,10381,    9
  215,20150306,   69,   39,   21,   90,   16,   19,   20,  592,    0,    0,10342,10362,    1
  215,20150307,   85,   52,    3,  126,   14,   43,   51,  887,    0,    0,10268,10303,    1
  215,20150308,   85,   48,    7,  132,   12,   35,  101, 1311,   11,    3,10231,10264,   24
  215,20150309,   80,    4,    6,  126,   15,  -12,   57,  905,    8,    6,10260,10284,    8
  215,20150310,   64,  -14,   24,   95,   12,  -30,   93, 1349,    0,   -1,10292,10324,   21
  215,20150311,   32,  -30,    4,   97,   16,  -48,   72, 1249,    0,    0,10315,10327,    8
  215,20150312,   60,  -15,    3,  122,   14,  -40,  107, 1454,    0,    0,10296,10320,    7
  215,20150313,   49,    9,    6,   93,   14,  -17,  107, 1428,    0,    0,10258,10276,   24
  215,20150314,   39,    2,    6,   56,   23,   -5,    0,  276,    0,   -1,10293,10300,    9
  215,20150315,   57,   45,    3,   70,   14,   38,    2,  381,    0,   -1,10278,10296,    1
  215,20150316,   66,   17,   24,  118,   16,  -11,   80, 1254,    0,    0,10240,10257,    1
  215,20150317,   71,   -8,    5,  159,   15,  -27,   94, 1326,    0,    0,10250,10259,    9
  215,20150318,   58,   35,    1,   66,   14,    7,    0,  304,    0,    0,10287,10303,   22
  215,20150319,   67,   37,   22,  114,   14,   19,   51,  943,    0,    0,10290,10298,    9
  215,20150320,   47,   13,   23,   78,   14,    1,   26,  819,    0,   -1,10254,10288,    1
  215,20150321,   65,   45,    1,   90,   13,   41,   26,  793,   25,   14,10205,10257,   24
  215,20150322,   43,  -14,   24,   86,   15,  -35,   59, 1182,    0,    0,10252,10280,    9
  215,20150323,   25,  -38,    6,   83,   14,  -49,   55, 1005,    0,    0,10158,10203,    1
  215,20150324,   51,  -26,    1,  110,   14,  -45,   31,  869,   23,    5,10084,10107,    1
  215,20150325,   60,   42,   24,   76,   13,   26,    1,  509,  107,   56,10082,10098,   19
  215,20150326,   50,   -8,    5,   81,   20,  -25,   10,  495,   50,   68,10063,10092,    1
  215,20150327,   58,    1,   24,   85,   13,  -28,   53, 1175,    0,    0,10179,10226,   22
  215,20150328,   75,    1,    1,  107,   15,  -15,    0,  351,   34,   16,10128,10217,    1
  215,20150329,   90,   69,   24,  112,   15,   62,    4,  304,   60,   98, 9970,10044,    2
  215,20150330,   72,   60,   22,   86,   16,   54,   72, 1348,   35,   72,10037,10103,   16
  215,20150331,   86,   55,   18,  103,   13,   50,   66, 1468,   30,  109,10014,10112,   24
  215,20150401,   68,   38,    5,   91,   14,   32,   59, 1191,   25,   23,10165,10194,   13
  215,20150402,   60,   30,   23,   83,   13,   15,   80, 1721,   37,   33,10182,10235,   23
  215,20150403,   63,    9,    2,   92,   14,   -4,   13,  928,    0,   -1,10194,10229,    1
  215,20150404,   50,    7,   24,   88,   14,  -11,   41,  956,   42,   19,10212,10247,   24
  215,20150405,   40,  -19,    3,   97,   13,  -45,  122, 1983,    0,    0,10272,10286,   20
  215,20150406,   62,    4,   24,  111,   16,  -10,   20,  726,    5,    1,10312,10358,   24
  215,20150407,   51,  -10,    4,  110,   13,  -22,   73, 1583,    0,    0,10361,10377,    8
  215,20150408,   70,   18,    1,  139,   14,    4,   64, 1517,    0,    0,10338,10355,    9
  215,20150409,   88,   23,    2,  172,   14,   -1,  104, 1837,    0,    0,10269,10306,    1
  215,20150410,  101,   23,    6,  185,   13,    9,  102, 1859,    0,    0,10192,10233,    1
  215,20150411,   85,   29,   23,  130,   12,    5,   42,  892,   14,   40,10189,10272,   24
  215,20150412,   96,   23,    6,  155,   15,   15,   98, 1929,   11,    4,10261,10282,    7
  215,20150413,   75,   36,   21,  111,   14,   12,   91, 1760,    0,   -1,10310,10330,   12
  215,20150414,  109,   40,    1,  174,   12,   19,  116, 2144,    0,    0,10246,10287,    1
  215,20150415,  127,   60,   24,  205,   14,   46,  127, 2175,    0,    0,10172,10200,    1
  215,20150416,   98,   50,    5,  137,   15,   33,  101, 2091,    0,    0,10170,10182,   10
  215,20150417,   82,   32,   24,  119,   13,   12,   75, 1665,    0,    0,10211,10266,   24
  215,20150418,   83,   21,    2,  143,   14,   -7,  130, 2276,    0,    0,10277,10292,   10
  215,20150419,   65,   -4,    4,  120,   11,  -22,   65, 1596,    0,    0,10239,10258,   24
  215,20150420,  101,   42,    2,  161,   13,   22,  125, 2321,    0,    0,10295,10312,   24
  215,20150421,   85,   30,    3,  141,   10,    0,  124, 2298,    0,    0,10329,10337,   20
  215,20150422,   78,    0,    4,  117,   12,  -17,    4,  921,    0,    0,10291,10329,    1
  215,20150423,   82,   30,   24,  120,   16,    6,   90, 2100,    0,    0,10200,10240,    1
  215,20150424,  109,   12,    4,  182,   14,   -3,   97, 2023,    0,    0,10116,10150,    1
  215,20150425,  122,  102,   22,  148,   16,   91,   29,  928,   28,    9,10068,10080,    1
  215,20150426,  101,   66,   24,  119,    1,   61,    8,  607,   16,   26,10067,10075,   21
  215,20150427,   68,   -4,   24,  110,   12,  -29,  127, 2525,    0,    0,10103,10125,   21
  215,20150428,   65,  -19,    3,  103,   13,  -36,  108, 2133,    3,    3,10164,10195,   20
  215,20150429,   84,   30,   24,  138,   11,    9,   22, 1119,   25,   32,10151,10188,    1
  215,20150430,   86,   26,    1,  128,   13,   17,  117, 2176,    9,   17,10113,10123,    1
  215,20150501,   85,   46,    5,  118,   13,   25,  111, 2267,    0,    0,10103,10121,   23
  215,20150502,   96,    2,    4,  145,   15,  -15,  129, 2372,    0,    0,10114,10135,    7
  215,20150503,  123,   75,    3,  164,   17,   64,   21,  737,   32,   36,10019,10063,    1
  215,20150504,  146,  118,    2,  179,   13,  111,   82, 2113,   35,   36,10044,10077,   11
  215,20150505,  148,   88,   22,  209,   11,   61,   92, 1791,   31,   73, 9992,10070,   24
  215,20150506,  118,   86,   11,  150,   11,   80,   74, 1577,    7,   39,10080,10108,   24
  215,20150507,  114,   74,   23,  147,   15,   56,  124, 2488,    0,   -1,10165,10185,   14
  215,20150508,  139,   78,    1,  186,   14,   65,   36, 1654,    8,    4,10149,10172,    1
  215,20150509,  126,   81,   24,  152,   13,   66,   40, 1564,    1,    1,10163,10232,   24
  215,20150510,  119,   29,    4,  182,   15,   15,  122, 2369,    0,    0,10251,10270,    8
  215,20150511,  164,  102,    1,  234,   13,   63,   92, 2243,    0,    0,10194,10221,    1
  215,20150512,  135,  117,   24,  153,   12,  108,   80, 2104,    0,    0,10181,10213,   24
  215,20150513,  112,   58,   24,  150,   11,   25,  138, 2691,    0,    0,10189,10211,    1
  215,20150514,  114,   50,    1,  156,   15,   28,   89, 2393,    0,    0,10141,10166,    1
  215,20150515,   86,   38,   23,  122,   13,   15,   77, 2125,    0,    0,10200,10229,   21
  215,20150516,  108,   51,    1,  138,   13,   40,   33, 1066,   38,   22,10229,10263,   23
  215,20150517,  111,   64,   24,  149,   11,   40,  121, 2493,    0,    0,10236,10260,    1
  215,20150518,  105,   72,   24,  139,   18,   62,   19,  668,   43,   92,10073,10169,    1
  215,20150519,  104,   62,   21,  137,   14,   49,  108, 1986,   11,   37,10049,10079,   24
  215,20150520,  104,   74,   24,  128,   12,   57,  125, 2346,    0,    0,10152,10214,   24
  215,20150521,  119,   58,    5,  146,   13,   23,  141, 2768,    0,    0,10252,10272,   21
  215,20150522,  139,  116,    3,  179,   11,  109,   30, 1790,    0,    0,10248,10264,    1
  215,20150523,  117,   50,   24,  155,   13,   13,   66, 1771,   11,    5,10231,10241,   10
  215,20150524,  114,   19,    4,  171,   14,   -1,  126, 2791,   16,    6,10197,10225,    1
  215,20150525,  117,   76,   23,  142,   10,   56,   53, 1832,    0,   -1,10174,10190,   23
  215,20150526,  115,   69,    3,  146,   13,   44,   87, 2479,    0,   -1,10225,10252,   21
  215,20150527,  124,   57,    1,  165,   12,   26,   83, 2436,    0,    0,10214,10249,    1
  215,20150528,  126,   66,   23,  156,   13,   39,   85, 1982,    0,   -1,10134,10142,   15
  215,20150529,  111,   80,    1,  143,   13,   60,    6,  860,   44,   95,10081,10122,    1
  215,20150530,  113,   82,   23,  138,   15,   55,  130, 2709,    0,    0,10134,10161,   17
  215,20150531,  125,   95,    3,  152,   17,   76,    2,  713,   94,   86,10089,10131,    1
  215,20150601,  126,   77,    3,  159,   12,   54,   63, 2172,    0,   -1,10142,10167,   13
  215,20150602,  144,  111,    6,  165,   17,  109,    0,  376,   39,   20,10081,10125,   24
  215,20150603,  133,   60,   24,  164,   14,   38,  100, 2418,    0,    0,10219,10279,   24
  215,20150604,  154,   51,    3,  213,   17,   26,  151, 2940,    0,    0,10261,10291,    7
  215,20150605,  198,  119,    4,  314,   15,   79,   80, 2121,   24,   23,10169,10206,    1
